.Random.seed <-
c(403L, 140L, 1390071849L, -1206065189L, 1586517226L, -1017253236L, 
82767311L, -138698363L, 1096178236L, 1713766162L, -1144806387L, 
-370282681L, -1799058130L, -679408504L, -1951180405L, -1308090007L, 
1241779000L, -590776858L, 1750274433L, -1542290157L, -1067302206L, 
1798311284L, 885304695L, 87889517L, -651953916L, 807373866L, 
773620117L, -272058833L, -426224842L, 1631955808L, 1704366499L, 
-1995648319L, 1155156656L, 594912718L, 1869584697L, 223696203L, 
963550970L, -569700356L, 1554837567L, -927962859L, -1630686676L, 
920125186L, -1926886435L, 1731585751L, -569986626L, 72233976L, 
1890248667L, -853960135L, 1059232648L, -1445958858L, -357893775L, 
168989603L, 1423745778L, -1789255100L, -539890425L, -221580067L, 
1047716308L, -272407302L, 2020506693L, 767642783L, -1024963034L, 
-1077851472L, -2063730861L, -344354191L, 1509769120L, 1543919422L, 
-782737847L, 815135483L, -394351926L, 1771756588L, 323839023L, 
-650375963L, 1764058524L, -2085369870L, 808456813L, 2036897703L, 
2090224078L, 604094248L, 1715090731L, -19351735L, 909638744L, 
7014662L, -552954655L, 86611059L, 913367266L, -1541101484L, 1897622871L, 
-341476019L, -1404493596L, -757826358L, 1989914933L, 160110479L, 
-498449258L, -1848538048L, -1088717565L, 789172513L, -121333232L, 
571335150L, -270953063L, 270946859L, 1445462810L, -474408484L, 
1455607775L, 1065637813L, -1224617652L, 1564596130L, 672644861L, 
-1505800201L, 1676761374L, 1784325080L, -1257462469L, 989897433L, 
1570135656L, 1241169814L, -68654319L, 1696963L, 49188050L, -628582044L, 
-708305753L, -1315986947L, 888835060L, -820083494L, 1812334117L, 
2047662911L, 379484358L, -1424263856L, 456179059L, -1910446191L, 
1909356992L, -905905250L, 1714455913L, 1238007195L, 951238826L, 
-991568180L, -576127089L, -1968485435L, -1913147524L, 738430930L, 
1206001485L, 321248775L, 1506500078L, -215873336L, 161531851L, 
536072745L, -1975078792L, -307491418L, -1516341311L, -1566569389L, 
2039587586L, 1673340468L, 1742103479L, -1912716371L, -1323079484L, 
1703791850L, -514587819L, -611625745L, 1204648694L, -1720629728L, 
1314307043L, -1188335487L, -1677340944L, -1671987826L, 804352761L, 
-1353469813L, 654129338L, -1821979716L, 2092380415L, 1291965525L, 
-875577492L, 278810562L, 686180381L, -1270777705L, 1716954622L, 
27080120L, -774301285L, -1106993159L, -1691728056L, -1958501770L, 
-1442301007L, 615122403L, 1259584178L, 580925188L, 301714503L, 
332393245L, -924495468L, -1752918726L, 257419653L, 1922632287L, 
1916431590L, 337895280L, 1855545491L, 1367026993L, -1247749152L, 
-1971099522L, 442553097L, -1503152837L, 488392970L, 50428140L, 
-1139866257L, 1226271397L, -2120276900L, 920118322L, -513137875L, 
1764137447L, -1376107250L, 755800808L, 836031723L, 183070089L, 
740756760L, -69660602L, 63092897L, -993558733L, 635522722L, 1015274900L, 
-1209367529L, 202490893L, -528461532L, -1084130038L, -1028105099L, 
-596641841L, -457500458L, -540018560L, -685783357L, 1183543393L, 
-1565695792L, -1844340178L, 516778969L, -133139477L, 1422332506L, 
-1825780004L, -1729575086L, -298391936L, -1167257516L, -144391192L, 
-1138767110L, -809472688L, 1487910700L, 1081076596L, -147897454L, 
1011616352L, -913215604L, 1502713696L, -1515447326L, -754299992L, 
-858223412L, -1334965764L, -1103605838L, 843423216L, 1185496516L, 
-703008424L, 591881594L, 2060852656L, 1586365372L, -1989892012L, 
-20504638L, 545912864L, 671633596L, -645465520L, -633759774L, 
-962797976L, 1511726668L, -288036612L, 1687105522L, -158432000L, 
-1976796300L, -592480248L, -797406790L, 1798753744L, 422761452L, 
1049996180L, 1863289810L, 1012502368L, 18512204L, -10706656L, 
-1613303934L, -1459818776L, -1508443924L, 2025995836L, 1945510770L, 
-466016656L, -2019357660L, 27025208L, -1534869350L, -1544083760L, 
-1543912260L, -1002624364L, 1452620418L, 1499459776L, -885947076L, 
857278608L, -1994007006L, -1058416120L, 1081693452L, 257139356L, 
606017042L, 1598460288L, 370213396L, -1849418200L, -1339498182L, 
-745006128L, -518738324L, -1020118220L, 883413650L, -13769376L, 
1917891916L, -1176312864L, -1895956574L, -1807409240L, 708218764L, 
1967233724L, 960969586L, -1644273424L, -1835422652L, -1699558056L, 
-503254982L, 1517929328L, -1384811460L, -976377068L, 787959234L, 
842386656L, -1965820036L, 1516861136L, 1272593058L, 1306530856L, 
1066025228L, 527985596L, 1421288754L, -847177792L, -680327628L, 
-1498928184L, 1230030010L, 684320656L, 700262892L, -187657132L, 
-1431143790L, -1797846240L, 1437073868L, 94297056L, 7411394L, 
-1865189848L, 41447084L, 1333503676L, 676143602L, -990881488L, 
-136828764L, 413514424L, -61546662L, -785654384L, -1091678852L, 
-1262857964L, 262114626L, -1219800320L, -1904899140L, -638053552L, 
-683096798L, -1407243960L, -650875892L, -1688601508L, 716203218L, 
-1796373504L, -408164524L, 2089327080L, -386360326L, 437316304L, 
923952428L, -542327564L, 883286930L, -492499872L, -1811474164L, 
-588096800L, 963863906L, 115513000L, -649167284L, 833975164L, 
-394068174L, -1222589840L, 1654460740L, -1076639784L, -1681308550L, 
895871536L, 1205350076L, 1170616148L, -802275774L, -1169424480L, 
-313320260L, -1880722992L, -1647345310L, 411846632L, -1234789428L, 
-837714180L, -813472782L, -895814528L, -471670540L, -554774392L, 
2095018298L, 837227344L, 260857964L, -867894124L, -1275779758L, 
-827784480L, 659123404L, 1926966432L, -1222980222L, 735165672L, 
-1251226388L, 832104508L, 1355758706L, -2137555856L, 272081444L, 
-1008306632L, 801882650L, 1067242704L, -1300707780L, -1743482732L, 
1730649218L, -988292160L, 153833788L, -1966203248L, 57504802L, 
467017736L, -274144116L, -980270052L, -733605742L, -2079275904L, 
886475796L, 1095792424L, 416708666L, 12282064L, 402532460L, 1112932020L, 
890440722L, 294220768L, 1658905548L, -1820610080L, 738191394L, 
-1672346328L, -287715060L, -964722116L, -1151276814L, -280777488L, 
1151407940L, 1813695576L, 1923032634L, 1167462640L, -1754175812L, 
1505002004L, -645583678L, 948812384L, -1279106692L, 1604676816L, 
1464018978L, 2039006376L, -1898180212L, -1952984644L, -353829838L, 
-302147776L, -644261772L, 1666734853L, -93195953L, 1402417992L, 
-522190106L, 826094611L, -1781560459L, -1841878190L, 691444640L, 
906620553L, 1853446843L, 1245577484L, 1686568090L, 882082319L, 
-646166951L, 2030000878L, -834416260L, 268706285L, 1902554775L, 
-544020128L, -5911234L, -1085317621L, 786442893L, -1594628166L, 
-361114120L, 2086990241L, 441390931L, -1410763148L, -431679486L, 
664617623L, -1031975839L, -335099738L, -1638008668L, -1637281451L, 
-953011713L, 1298671768L, -1830783562L, 265199171L, 393839493L, 
-521443294L, 1318251280L, -492935495L, 438254443L, -1444973988L, 
-1354444918L, 1225203583L, -778014007L, 2751326L, 1608941580L, 
-558223395L, -1321977113L, 2082550544L, 1135864366L, 485970139L, 
-581202499L, 1519893290L, -1105652792L, -791015183L, 1350692451L, 
523696740L, 564369810L, 434656871L, -813599183L, -893899914L, 
1777189012L, -1369354587L, 1462467503L, -1341237144L, -1234129850L, 
34613747L, -798501547L, 1204174642L, -1781280000L, -1639254039L, 
-230995365L, -1173138260L, -2075317574L, 1268940911L, -492675591L, 
-2065626994L, 1043521884L, -1528096307L, -1201210057L, 848392128L, 
-1004451682L, 79392107L, 1394865389L, 2110997850L, -624925160L, 
-1451412607L, 1407985971L, 35686228L, 1781850466L, -2121659913L, 
234474049L, -437674298L, 1069146116L, -680349771L, -785932129L, 
1851006200L, -1119255338L, -1461471901L, 283410725L, -2114783550L, 
-234490960L, 78909401L, -2002368181L, -975425604L, 1310173162L, 
-317231073L, -479103319L, -2010043842L, 1996338988L, -2120879747L, 
-1998458937L, 698455728L, 447812814L, 12443131L, -278854051L, 
1829671306L, -1048811096L, -1882208495L, -53668349L, 108286212L, 
-1868503758L, 962737031L, -2036465199L, 1093311318L, -593006284L, 
-1831514043L, -866215793L, 1121154568L, 92969510L, 896314067L, 
1073019957L, -1381096558L, -1050606752L, -1329742135L, -1299750405L, 
1437732300L, -1985749926L, -593395377L, 1627013145L, 456992302L, 
1149045820L, 248408493L, -219895209L, -1003633760L, -99817218L, 
